[39m     [38;2;236;134;149m⢀⣠⣴⣶⣾⣿[38;2;244;168;126m⣿⣿⣷⣶⣦[38;2;237;211;158m⣄⡀     [39m
   [38;2;236;134;149m⣠⣾⣿⣿⣿⣿[38;2;244;168;126m⣿⣿⣿⣿⣿[38;2;239;200;150m⣿[38;2;237;211;158m⣿⣿⣿⣷[38;2;179;216;150m⣄   [39m
 [38;2;236;134;149m⢠⣾⣿⡏[38;2;160;93;107m⠉[38;2;236;134;149m⠉[38;2;237;137;148m⠛[38;2;244;168;126m⠿⠿⠿⠿⠿[38;2;237;211;158m⠿⠋[38;2;145;130;105m⠁[38;2;36;39;58m⠀[38;2;229;204;153m⢻[38;2;165;217;148m⣿⣿⣷⡀ [39m
[38;2;236;134;149m⢠⣿⣿⣿⡇[38;2;36;39;58m⠀⠀⠀⠀⠀⠀⠀⠀⠀⠀⠀⠀[38;2;165;217;148m⢸⣿⣿⣿[38;2;124;195;227m⣿⡀[39m
[38;2;236;134;149m⣾⣿⣿[38;2;244;168;126m⣿⠏[38;2;36;39;58m⠀⠀⠀[38;2;201;210;244m⢀⡴⠶[38;2;181;189;221m⣦[38;2;36;39;58m⠀[38;2;115;121;144m⢀[38;2;201;210;244m⡴⠶[38;2;182;190;222m⢦[38;2;36;39;58m⠀[38;2;165;217;148m⠹[38;2;124;195;227m⣿⣿⣿⣧[39m
[38;2;236;134;149m⣿[38;2;244;168;126m⣿⣿⡟[38;2;36;39;58m⠀⠀⠀⠀[38;2;176;184;215m⠈[38;2;36;39;58m⠀⠀⠀[38;2;157;165;193m⢠[38;2;201;210;244m⣤⡄[38;2;36;39;58m⠀⠀⠀⠀[38;2;124;195;227m⢻⣿⣿[38;2;197;159;245m⣿[39m
[38;2;244;168;126m⢿⣿⣿⣇[38;2;36;39;58m⠀⠀⠀⠀⠀⠀⠀⠀[38;2;198;207;240m⠤[38;2;199;208;242m⠴[38;2;143;150;176m⠶[38;2;143;150;177m⠂[38;2;36;39;58m⠀⠀⠀[38;2;124;195;227m⣾[38;2;197;159;245m⣿⣿⡿[39m
[38;2;244;168;126m⠘⣿[38;2;237;211;158m⣿⣿⡄[38;2;36;39;58m⠀⠀⠀⠀⠀⠀⠀⠀⠀⠀⠀⠀[38;2;150;122;188m⢀[38;2;197;159;245m⣴⣿⣿⣿⠃[39m
 [38;2;237;211;158m⠘⢿⣿⣿[38;2;165;217;148m⣦⡄[38;2;36;39;58m⠀⠀⠀⠀⠀[38;2;237;152;159m⣀[38;2;167;109;118m⢀[38;2;237;152;159m⣀[38;2;36;39;58m⠀[38;2;197;159;245m⣴⣿⣿⣿⡿⠃ [39m
  [38;2;204;183;142m⠈[38;2;237;211;158m⠻[38;2;165;217;148m⢿⣿⠇[38;2;36;39;58m⠀⠀⠀⠀[38;2;157;103;112m⠈[38;2;237;152;159m⠿⠛⠛[38;2;36;39;58m⠀[38;2;197;159;245m⢸⣿⡿⠟[38;2;120;99;153m⠁  [39m
     [38;2;165;217;148m⠉ [38;2;36;39;58m⠀⠀⠀⠀⠀⠀⠀⠀⠀[38;2;197;159;245m⠘⠉     [39m
