[39m     [38;2;236;134;149m_yg$@@[38;2;237;140;146m@[38;2;244;168;126m@@@$[38;2;239;200;150mg[38;2;237;211;158my[38;2;229;205;154m_     [39m
   [38;2;236;134;149my$@@@@[38;2;242;161;132m@[38;2;244;168;126m@@@@@[38;2;237;211;158m@@@@$[38;2;207;214;154my   [39m
  [38;2;236;134;149m@@$[38;2;121;73;88m`[38;2;232;132;147m`[38;2;236;134;149m~[38;2;244;168;126mRRPPP[38;2;237;211;158m4F[38;2;158;141;112m~[38;2;36;39;58mL[38;2;41;43;60mf[38;2;165;217;148m$@@$[38;2;163;214;147m_ [39m
 [38;2;236;134;149m@@@$[38;2;36;39;58mLLLLLLLLLLLLL[38;2;165;217;148m0@@@[38;2;124;195;227m@ [39m
[38;2;236;134;149m$@@[38;2;244;168;126m@F[38;2;36;39;58mLLLL[38;2;198;207;241ma[38;2;201;210;244m#a[38;2;162;170;199my[38;2;36;39;58mL[38;2;144;151;177mu[38;2;201;210;244m=[38;2;187;196;228m#[38;2;151;158;185mw[38;2;39;43;59mf[38;2;124;195;227m4@@@$[39m
[38;2;234;136;148m@[38;2;244;168;126m@@@[38;2;37;39;58mL[38;2;36;39;58mLLLL[38;2;41;45;64mc[38;2;36;39;58mLL[38;2;109;114;137m`[38;2;180;188;220ma[38;2;201;210;244ma[38;2;39;42;61mf[38;2;36;39;58mLLLL[38;2;124;195;227m$@@[38;2;197;159;245m@[39m
[38;2;244;168;126m$@@$[38;2;36;39;58mLLLLLLLL[38;2;84;89;108m=[38;2;196;205;238m*[38;2;201;210;244m=[38;2;146;153;179mK[38;2;36;39;58mLLL[38;2;41;47;67mc[38;2;124;195;227m$[38;2;197;159;245m@@$[39m
[38;2;244;168;126m"@[38;2;237;211;158m@@y[38;2;37;39;58mL[38;2;36;39;58mLLLLLLLLLLLL[38;2;137;112;173my[38;2;197;159;245mg@@@ [39m
 [38;2;237;211;158m`@@@[38;2;165;217;148m@y[38;2;36;39;58mLLLLL[38;2;209;135;142my[38;2;237;152;159m_[38;2;178;116;124my[38;2;113;77;88m_[38;2;44;44;67mc[38;2;197;159;245mg@@@@[38;2;165;134;207m^ [39m
   [38;2;237;211;158m~[38;2;165;217;148m@@F[38;2;36;39;58mLLLLL[38;2;189;122;130m4[38;2;237;152;159mF~[38;2;154;101;111m~[38;2;36;39;58mL[38;2;197;159;245m$@@~   [39m
     [38;2;165;217;148m`[38;2;36;39;58m~[38;2;33;35;53m][38;2;34;36;55m][38;2;35;37;56mL[38;2;35;38;57mLLLL[38;2;35;37;56mL[38;2;34;36;54m][38;2;33;35;52m][38;2;197;159;245m~[38;2;191;154;237m`     [39m
