  [0m[0m                     [0m
 [0m[0m [38;2;0;0;0m   [38;2;160;96;111m▁[38;2;224;128;143m▃[38;2;228;130;145m▅[38;2;235;133;148m▆[7m▔[0m[38;2;199;116;130;48;2;238;144;142m▔[38;2;243;167;126;48;2;238;146;141m▅[38;2;201;141;111;48;2;244;168;126m▔[0m[7m[38;2;243;167;125m▔[0m[38;2;242;167;125m▆[38;2;230;182;137m▅[38;2;220;196;149m▃[38;2;147;133;110m▁[0m     [0m
 [0m [38;2;0;0;0m [38;2;184;108;123m▗[38;2;218;125;140m▆[38;2;77;57;75;48;2;231;131;146m▁[38;2;107;70;86;48;2;235;133;148m▁[38;2;234;134;147;48;2;236;134;149m▁[38;2;241;159;132;48;2;236;135;148m▃[38;2;243;165;127;48;2;238;144;142m▆[48;2;244;168;126m  [38;2;243;172;129m▁[38;2;238;202;151;48;2;243;171;128m▃[38;2;165;148;120;48;2;237;201;151m▁[38;2;52;52;65;48;2;231;206;154m▂[38;2;116;107;97;48;2;231;205;154m▂[38;2;217;194;147;48;2;235;211;157m▔[0m[38;2;178;194;140m▆[38;2;122;157;116m▖[0m   [0m
 [0m [7m[38;2;184;108;123m▘[0m[38;2;231;132;146;48;2;236;134;149m▏[38;2;233;132;147m▕[38;2;94;63;80;48;2;36;39;58m▏ [38;2;170;109;109;48;2;42;42;59m▔[38;2;45;44;60;48;2;214;149;115m▄[38;2;36;39;58;48;2;228;157;119m▄[38;2;38;40;58;48;2;240;165;124m▅[38;2;36;39;58;48;2;233;161;121m▅[38;2;41;43;60;48;2;237;192;144m▅[38;2;51;52;64;48;2;216;193;146m▅[38;2;90;85;83;48;2;36;39;58m▔ [38;2;152;164;122;48;2;41;43;60m▕[38;2;165;216;148;48;2;197;214;152m▆[48;2;165;217;148m [38;2;156;204;141m▔[0m[7m[38;2;119;156;121m▝[0m  [0m
 [0m[7m[38;2;202;117;132m▌[0m[38;2;64;47;63;48;2;236;134;149m [38;2;237;140;144;48;2;236;134;148m▁[38;2;242;163;129;48;2;236;137;146m▃[38;2;204;136;116;48;2;45;44;60m▎[48;2;36;39;58m   [38;2;96;101;125m▁[38;2;200;209;243;48;2;43;46;65m▁[38;2;79;84;106;48;2;36;39;58m▁  [38;2;143;150;177m▂[38;2;153;160;189m▂[38;2;83;105;89;48;2;37;41;59m▕[38;2;56;67;71;48;2;153;201;139m▖[38;2;147;207;184;48;2;163;216;150m▁[38;2;128;197;219;48;2;159;214;159m▄[38;2;140;203;197;48;2;124;195;225m▔[0m[38;2;102;156;185m▌[0m [0m
 [0m[38;2;139;86;100;48;2;234;134;146m▏[38;2;242;161;130;48;2;236;136;147m▄[38;2;239;149;138;48;2;243;166;127m▔[38;2;44;43;60;48;2;211;147;114m▗[38;2;40;41;58;48;2;36;39;58m▏  [38;2;86;91;113;48;2;37;40;59m▕[38;2;46;49;69;48;2;162;170;200m▄[38;2;36;39;58;48;2;172;180;210m▅[38;2;44;47;66;48;2;154;162;191m▄[38;2;57;60;80;48;2;36;39;58m▏[38;2;116;122;147;48;2;39;42;61m▝[38;2;41;44;63;48;2;178;186;217m▆[38;2;37;40;59;48;2;169;177;207m▆[38;2;123;129;155;48;2;36;39;58m▘[38;2;40;45;60m▕[38;2;38;44;63;48;2;111;171;196m▖[48;2;124;195;227m  [0m[7m[38;2;129;185;222m▕[0m [0m
 [0m[38;2;142;97;95;48;2;241;164;126m▏[48;2;244;168;126m  [38;2;239;165;124;48;2;42;42;59m▎[48;2;36;39;58m      [38;2;52;56;75m▕[38;2;181;189;220;48;2;65;69;90m▁[38;2;116;122;147;48;2;179;187;219m▄[38;2;142;149;177;48;2;59;63;83m▂[48;2;36;39;58m   [38;2;38;42;62;48;2;115;181;211m▋[38;2;168;174;237;48;2;126;193;227m▂[38;2;191;162;243;48;2;138;188;230m▅[0m[7m[38;2;190;155;237m▕[0m [0m
 [0m[7m[38;2;208;145;113m▌[0m[38;2;241;186;139;48;2;243;168;126m▂[38;2;237;208;156;48;2;242;176;132m▄[38;2;36;39;58;48;2;193;170;133m▝[38;2;37;40;58;48;2;36;39;58m▁      [38;2;151;158;187;48;2;36;40;58m▔[38;2;108;113;138;48;2;36;39;58m▔   [38;2;109;92;142m▗[38;2;79;89;121;48;2;187;162;241m▘[38;2;194;160;244;48;2;197;159;245m▔ [0m[38;2;158;128;198m▌[0m [0m
 [0m [7m[38;2;185;164;129m▖[0m[38;2;232;207;155;48;2;237;211;158m▁ [38;2;77;73;77;48;2;202;197;146m▝[38;2;138;180;128;48;2;39;43;60m▃[38;2;50;59;67;48;2;36;39;58m▏   [38;2;75;60;77;48;2;37;39;58m▁[38;2;173;114;123;48;2;38;40;58m▁[38;2;77;60;76;48;2;36;39;58m▁[38;2;116;83;97m▁[38;2;95;82;126;48;2;42;43;65m▕[38;2;191;155;238;48;2;66;61;92m▄[38;2;149;123;189;48;2;195;157;243m▔[48;2;197;159;245m [38;2;186;150;231m▁[0m[7m[38;2;143;117;181m▗[0m[0m  [0m
 [0m [38;2;0;0;0m [38;2;185;166;130m▝[7m[38;2;197;209;150m▃[0m[38;2;158;207;143;48;2;165;216;148m▁[38;2;156;205;141;48;2;73;91;83m▊[38;2;38;42;59;48;2;36;39;58m▏   [38;2;36;39;58;48;2;128;89;102m▊[38;2;55;48;65;48;2;231;148;156m▂[38;2;51;47;64;48;2;216;139;147m▄[38;2;231;148;156;48;2;48;45;63m▘[38;2;92;80;123;48;2;36;39;58m▕[38;2;176;143;220;48;2;197;159;245m▏[38;2;181;146;226m▁[0m[7m[38;2;190;153;237m▃[0m[38;2;143;117;181m▘[0m   [0m
 [0m [38;2;0;0;0m   [38;2;115;148;111m▔[7m[38;2;91;116;96m▅[38;2;35;38;57m▃▂▁[0m[38;2;34;36;55;48;2;36;39;58m▁[38;2;35;38;57m▁[38;2;34;36;54m▁[0m[7m[38;2;35;38;57m▁▂▃[38;2;167;136;210m▅[0m[38;2;124;103;158m▔[0m     [0m
                       [0m
